1622802740129.00000000
1622802740584.00000000
1622802740584.00000000
1622802740600.00000000
1622802740600.00000000
1622802740600.00000000
1622802740600.00000000
1622802740600.00000000
1622802740616.00000000
1622802740616.00000000
1622802740616.00000000
1622802740632.00000000
1622802740632.00000000
1622802740632.00000000
1622802740647.00000000
1622802740647.00000000
1622802740647.00000000
1622802740663.00000000
1622802740663.00000000
1622802740663.00000000
1622802740679.00000000
1622802740679.00000000
1622802740679.00000000
1622802740694.00000000
1622802740694.00000000
1622802740694.00000000
1622802740710.00000000
1622802740710.00000000
1622802740710.00000000
1622802740726.00000000
1622802740726.00000000
1622802740726.00000000
1622802740741.00000000
1622802740741.00000000
1622802740757.00000000
1622802740757.00000000
1622802740757.00000000
1622802740773.00000000
1622802740773.00000000
1622802740789.00000000
1622802740804.00000000
1622802740836.00000000
1622802740836.00000000
1622802740852.00000000
1622802740867.00000000
1622802740883.00000000
1622802740898.00000000
1622802740914.00000000
1622802740930.00000000
1622802740945.00000000
1622802740961.00000000
1622802740991.00000000
1622802741000.00000000
1622802741015.00000000
1622802741031.00000000
1622802741047.00000000
1622802741063.00000000
1622802741078.00000000
1622802741094.00000000
1622802741110.00000000
1622802741126.00000000
1622802741142.00000000
1622802741157.00000000
1622802741173.00000000
1622802741189.00000000
1622802741205.00000000
1622802741220.00000000
1622802741236.00000000
1622802741252.00000000
1622802741283.00000000
1622802741299.00000000
1622802741315.00000000
1622802741331.00000000
1622802741347.00000000
1622802741363.00000000
1622802741379.00000000
1622802741394.00000000
1622802741411.00000000
1622802741427.00000000
1622802741443.00000000
1622802741459.00000000
1622802741474.00000000
1622802741490.00000000
1622802741506.00000000
1622802741522.00000000
1622802741537.00000000
1622802741565.00000000
1622802741567.00000000
1622802741598.00000000
1622802741614.00000000
1622802741630.00000000
1622802741645.00000000
1622802741661.00000000
1622802741677.00000000
1622802741693.00000000
1622802741708.00000000
1622802741724.00000000
1622802741740.00000000
1622802741756.00000000
1622802741771.00000000
1622802741787.00000000
1622802741803.00000000
1622802741819.00000000
1622802741834.00000000
1622802741850.00000000
1622802741866.00000000
1622802741882.00000000
1622802741898.00000000
1622802741929.00000000
1622802741945.00000000
1622802741961.00000000
1622802741976.00000000
1622802741992.00000000
1622802742008.00000000
1622802742024.00000000
1622802742039.00000000
1622802742055.00000000
1622802742071.00000000
1622802742086.00000000
1622802742102.00000000
1622802742118.00000000
1622802742134.00000000
1622802742149.00000000
1622802742165.00000000
1622802742181.00000000
1622802742197.00000000
1622802742212.00000000
1622802742228.00000000
1622802742275.00000000
1622802742275.00000000
1622802742295.00000000
1622802742295.00000000
1622802742310.00000000
1622802742357.00000000
1622802742357.00000000
1622802742373.00000000
1622802742389.00000000
1622802742406.00000000
1622802742422.00000000
1622802742437.00000000
1622802742453.00000000
1622802742469.00000000
1622802742485.00000000
1622802742500.00000000
1622802742516.00000000
1622802742532.00000000
1622802742548.00000000
1622802742563.00000000
1622802742579.00000000
1622802742595.00000000
1622802742611.00000000
1622802742626.00000000
1622802742642.00000000
1622802742674.00000000
1622802742689.00000000
1622802742705.00000000
1622802742720.00000000
1622802742737.00000000
1622802742752.00000000
1622802742769.00000000
1622802742785.00000000
1622802742801.00000000
1622802742816.00000000
1622802742832.00000000
1622802742848.00000000
1622802742864.00000000
1622802742879.00000000
1622802742895.00000000
1622802742911.00000000
1622802742927.00000000
1622802742943.00000000
1622802742958.00000000
1622802742974.00000000
1622802742990.00000000
1622802743006.00000000
1622802743037.00000000
1622802743053.00000000
1622802743069.00000000
1622802743084.00000000
1622802743100.00000000
1622802743116.00000000
1622802743132.00000000
1622802743147.00000000
1622802743163.00000000
1622802743179.00000000
1622802743195.00000000
1622802743210.00000000
1622802743226.00000000
1622802743242.00000000
1622802743257.00000000
1622802743273.00000000
1622802743289.00000000
1622802743305.00000000
1622802743320.00000000
1622802743352.00000000
1622802743368.00000000
1622802743388.00000000
1622802743403.00000000
1622802743404.00000000
1622802743420.00000000
1622802743451.00000000
1622802743468.00000000
1622802743484.00000000
1622802743500.00000000
1622802743517.00000000
1622802743534.00000000
1622802743550.00000000
1622802743567.00000000
1622802743583.00000000
1622802743601.00000000
1622802743616.00000000
1622802743633.00000000
1622802743649.00000000
1622802743666.00000000
1622802743683.00000000
1622802743699.00000000
1622802743717.00000000
1622802743732.00000000
1622802743749.00000000
1622802743765.00000000
1622802743781.00000000
1622802743798.00000000
1622802743814.00000000
1622802743831.00000000
1622802743847.00000000
1622802743864.00000000
1622802743880.00000000
1622802743897.00000000
1622802743913.00000000
1622802743931.00000000
1622802743947.00000000
1622802743964.00000000
1622802743980.00000000
1622802743997.00000000
1622802744013.00000000
1622802744030.00000000
1622802744046.00000000
1622802744064.00000000
1622802744080.00000000
1622802744096.00000000
1622802744113.00000000
1622802744139.00000000
1622802744152.00000000
1622802744164.00000000
1622802744179.00000000
1622802744195.00000000
1622802744211.00000000
1622802744228.00000000
1622802744244.00000000
1622802744261.00000000
1622802744277.00000000
1622802744295.00000000
1622802744311.00000000
1622802744327.00000000
1622802744344.00000000
1622802744361.00000000
1622802744377.00000000
1622802744394.00000000
1622802744410.00000000
1622802744427.00000000
1622802744444.00000000
1622802744460.00000000
1622802744477.00000000
1622802744494.00000000
1622802744510.00000000
1622802744525.00000000
1622802744543.00000000
1622802744559.00000000
1622802744575.00000000
1622802744603.00000000
1622802744619.00000000
1622802744632.00000000
1622802744646.00000000
1622802744663.00000000
1622802744679.00000000
1622802744692.00000000
1622802744708.00000000
1622802744725.00000000
1622802744741.00000000
1622802744758.00000000
1622802744775.00000000
1622802744791.00000000
1622802744808.00000000
1622802744825.00000000
1622802744841.00000000
1622802744857.00000000
1622802744874.00000000
1622802744905.00000000
1622802744920.00000000
1622802744933.00000000
1622802744947.00000000
1622802744962.00000000
1622802744982.00000000
1622802744989.00000000
1622802745013.00000000
1622802745030.00000000
1622802745045.00000000
1622802745059.00000000
1622802745073.00000000
1622802745090.00000000
1622802745125.00000000
1622802745141.00000000
1622802745155.00000000
1622802745170.00000000
1622802745185.00000000
1622802745199.00000000
1622802745213.00000000
1622802745228.00000000
1622802745242.00000000
1622802745257.00000000
1622802745270.00000000
1622802745287.00000000
1622802745303.00000000
1622802745321.00000000
1622802745338.00000000
1622802745369.00000000
1622802745372.00000000
1622802745386.00000000
1622802745413.00000000
1622802745420.00000000
1622802745437.00000000
1622802745454.00000000
1622802745469.00000000
1622802745486.00000000
1622802745504.00000000
1622802745519.00000000
1622802745545.00000000
1622802745563.00000000
1622802745578.00000000
1622802745592.00000000
1622802745607.00000000
1622802745622.00000000
1622802745638.00000000
1622802745652.00000000
1622802745667.00000000
1622802745687.00000000
1622802745702.00000000
1622802745717.00000000
1622802745735.00000000
1622802745751.00000000
1622802745768.00000000
1622802745783.00000000
1622802745801.00000000
1622802745816.00000000
1622802745834.00000000
1622802745850.00000000
1622802745868.00000000
1622802745883.00000000
1622802745904.00000000
1622802745917.00000000
1622802745933.00000000
1622802745952.00000000
1622802745967.00000000
1622802745983.00000000
1622802745999.00000000
1622802746017.00000000
1622802746033.00000000
1622802746049.00000000
1622802746065.00000000
1622802746082.00000000
1622802746098.00000000
1622802746114.00000000
1622802746132.00000000
1622802746149.00000000
1622802746165.00000000
1622802746182.00000000
1622802746223.00000000
1622802746234.00000000
1622802746254.00000000
1622802746266.00000000
1622802746283.00000000
1622802746309.00000000
1622802746316.00000000
1622802746342.00000000
1622802746348.00000000
1622802746366.00000000
1622802746382.00000000
1622802746398.00000000
1622802746414.00000000
1622802746432.00000000
1622802746449.00000000
1622802746466.00000000
1622802746482.00000000
1622802746499.00000000
1622802746516.00000000
1622802746533.00000000
1622802746550.00000000
1622802746568.00000000
1622802746585.00000000
1622802746602.00000000
1622802746620.00000000
1622802746638.00000000
1622802746654.00000000
1622802746672.00000000
1622802746688.00000000
1622802746706.00000000
1622802746724.00000000
1622802746741.00000000
1622802746757.00000000
1622802746778.00000000
1622802746793.00000000
1622802746810.00000000
1622802746827.00000000
1622802746845.00000000
1622802746863.00000000
1622802746880.00000000
1622802746898.00000000
1622802746915.00000000
1622802746933.00000000
1622802746951.00000000
1622802746969.00000000
1622802746988.00000000
1622802747005.00000000
1622802747023.00000000
1622802747041.00000000
1622802747058.00000000
1622802747076.00000000
1622802747094.00000000
1622802747112.00000000
1622802747130.00000000
1622802747146.00000000
1622802747165.00000000
1622802747183.00000000
1622802747202.00000000
1622802747220.00000000
1622802747238.00000000
1622802747263.00000000
1622802747274.00000000
1622802747293.00000000
1622802747311.00000000
1622802747329.00000000
1622802747347.00000000
1622802747366.00000000
1622802747384.00000000
1622802747403.00000000
1622802747422.00000000
1622802747440.00000000
1622802747459.00000000
1622802747478.00000000
1622802747497.00000000
1622802747514.00000000
1622802747533.00000000
1622802747551.00000000
1622802747570.00000000
1622802747589.00000000
1622802747608.00000000
1622802747626.00000000
1622802747646.00000000
1622802747665.00000000
1622802747685.00000000
1622802747703.00000000
1622802747722.00000000
1622802747740.00000000
1622802747759.00000000
1622802747779.00000000
1622802747797.00000000
1622802747816.00000000
1622802747835.00000000
1622802747854.00000000
1622802747874.00000000
1622802747892.00000000
1622802747912.00000000
1622802747932.00000000
1622802747951.00000000
1622802747970.00000000
1622802747990.00000000
1622802748009.00000000
1622802748032.00000000
1622802748051.00000000
1622802748071.00000000
1622802748091.00000000
1622802748112.00000000
1622802748132.00000000
1622802748154.00000000
1622802748171.00000000
1622802748191.00000000
1622802748211.00000000
1622802748231.00000000
1622802748250.00000000
1622802748269.00000000
1622802748289.00000000
1622802748310.00000000
1622802748330.00000000
1622802748351.00000000
1622802748372.00000000
1622802748392.00000000
1622802748413.00000000
1622802748433.00000000
1622802748452.00000000
1622802748473.00000000
1622802748493.00000000
1622802748514.00000000
1622802748534.00000000
1622802748555.00000000
1622802748576.00000000
1622802748597.00000000
1622802748618.00000000
1622802748640.00000000
1622802748661.00000000
1622802748682.00000000
1622802748703.00000000
1622802748724.00000000
1622802748745.00000000
1622802748766.00000000
1622802748787.00000000
1622802748809.00000000
1622802748831.00000000
1622802748853.00000000
1622802748874.00000000
1622802748895.00000000
1622802748915.00000000
1622802748937.00000000
1622802748959.00000000
1622802748980.00000000
1622802749001.00000000
1622802749029.00000000
1622802749043.00000000
1622802749064.00000000
1622802749086.00000000
1622802749108.00000000
1622802749130.00000000
1622802749151.00000000
1622802749172.00000000
1622802749195.00000000
1622802749216.00000000
1622802749238.00000000
1622802749259.00000000
1622802749280.00000000
1622802749301.00000000
1622802749323.00000000
1622802749345.00000000
1622802749368.00000000
1622802749390.00000000
1622802749412.00000000
1622802749434.00000000
1622802749456.00000000
1622802749478.00000000
1622802749500.00000000
1622802749522.00000000
1622802749545.00000000
1622802749568.00000000
1622802749590.00000000
1622802749612.00000000
1622802749636.00000000
1622802749657.00000000
1622802749679.00000000
1622802749702.00000000
1622802749725.00000000
1622802749748.00000000
1622802749771.00000000
1622802749793.00000000
1622802749815.00000000
1622802749838.00000000
1622802749860.00000000
1622802749883.00000000
1622802749907.00000000
1622802749930.00000000
1622802749952.00000000
1622802749975.00000000
1622802749998.00000000
1622802750021.00000000
1622802750043.00000000
1622802750066.00000000
1622802750091.00000000
1622802750114.00000000
1622802750138.00000000
1622802750161.00000000
1622802750186.00000000
1622802750209.00000000
1622802750234.00000000
1622802750258.00000000
1622802750282.00000000
1622802750306.00000000
1622802750330.00000000
1622802750353.00000000
1622802750377.00000000
1622802750399.00000000
1622802750422.00000000
1622802750446.00000000
1622802750471.00000000
1622802750494.00000000
1622802750518.00000000
1622802750542.00000000
1622802750566.00000000
1622802750590.00000000
1622802750614.00000000
1622802750638.00000000
1622802750662.00000000
1622802750686.00000000
1622802750710.00000000
1622802750734.00000000
1622802750760.00000000
1622802750783.00000000
1622802750807.00000000
1622802750831.00000000
1622802750856.00000000
1622802750880.00000000
1622802750904.00000000
1622802750928.00000000
1622802750954.00000000
1622802750978.00000000
1622802751006.00000000
1622802751031.00000000
1622802751056.00000000
1622802751081.00000000
1622802751105.00000000
1622802751129.00000000
1622802751155.00000000
1622802751178.00000000
1622802751202.00000000
1622802751226.00000000
1622802751251.00000000
1622802751275.00000000
1622802751301.00000000
1622802751326.00000000
1622802751352.00000000
1622802751377.00000000
1622802751402.00000000
1622802751427.00000000
1622802751452.00000000
1622802751477.00000000
1622802751501.00000000
1622802751526.00000000
1622802751550.00000000
1622802751575.00000000
1622802751602.00000000
1622802751627.00000000
1622802751653.00000000
1622802751679.00000000
1622802751704.00000000
1622802751729.00000000
1622802751754.00000000
1622802751779.00000000
1622802751805.00000000
1622802751830.00000000
1622802751855.00000000
1622802751880.00000000
1622802751905.00000000
1622802751930.00000000
1622802751957.00000000
1622802751993.00000000
1622802752010.00000000
1622802752036.00000000
1622802752061.00000000
1622802752087.00000000
1622802752113.00000000
1622802752139.00000000
1622802752165.00000000
1622802752191.00000000
1622802752217.00000000
1622802752243.00000000
1622802752269.00000000
1622802752295.00000000
1622802752321.00000000
1622802752347.00000000
1622802752372.00000000
1622802752398.00000000
1622802752424.00000000
1622802752450.00000000
1622802752476.00000000
1622802752503.00000000
1622802752529.00000000
1622802752555.00000000
1622802752583.00000000
1622802752610.00000000
1622802752638.00000000
1622802752663.00000000
1622802752690.00000000
1622802752717.00000000
1622802752743.00000000
1622802752770.00000000
1622802752798.00000000
1622802752825.00000000
1622802752853.00000000
1622802752880.00000000
1622802752907.00000000
1622802752934.00000000
1622802752961.00000000
1622802752988.00000000
1622802753015.00000000
1622802753041.00000000
1622802753067.00000000
1622802753095.00000000
1622802753134.00000000
1622802753161.00000000
1622802753189.00000000
1622802753215.00000000
1622802753244.00000000
1622802753271.00000000
1622802753298.00000000
1622802753325.00000000
1622802753352.00000000
1622802753379.00000000
1622802753406.00000000
1622802753434.00000000
1622802753461.00000000
1622802753477.00000000
1622802753508.00000000
1622802753556.00000000
1622802753587.00000000
1622802753603.00000000
1622802753634.00000000
1622802753666.00000000
1622802753697.00000000
1622802753713.00000000
1622802753745.00000000
1622802753776.00000000
1622802753807.00000000
1622802753823.00000000
1622802753855.00000000
1622802753886.00000000
1622802753918.00000000
1622802753933.00000000
1622802753965.00000000
1622802753996.00000000
1622802754028.00000000
1622802754059.00000000
1622802754091.00000000
1622802754107.00000000
1622802754153.00000000
1622802754170.00000000
1622802754201.00000000
1622802754232.00000000
1622802754264.00000000
1622802754295.00000000
1622802754327.00000000
1622802754342.00000000
1622802754374.00000000
1622802754421.00000000
1622802754453.00000000
1622802754484.00000000
1622802754500.00000000
1622802754531.00000000
1622802754563.00000000
1622802754594.00000000
1622802754626.00000000
1622802754641.00000000
1622802754673.00000000
1622802754704.00000000
1622802754736.00000000
1622802754767.00000000
1622802754783.00000000
1622802754815.00000000
1622802754846.00000000
1622802754878.00000000
1622802754925.00000000
1622802754956.00000000
1622802754988.00000000
1622802755003.00000000
1622802755035.00000000
1622802755066.00000000
1622802755098.00000000
1622802755129.00000000
1622802755176.00000000
1622802755192.00000000
1622802755223.00000000
1622802755255.00000000
1622802755286.00000000
1622802755318.00000000
1622802755349.00000000
1622802755381.00000000
1622802755397.00000000
1622802755428.00000000
1622802755475.00000000
1622802755507.00000000
1622802755538.00000000
1622802755554.00000000
1622802755586.00000000
1622802755617.00000000
1622802755649.00000000
1622802755680.00000000
1622802755711.00000000
1622802755743.00000000
1622802755774.00000000
1622802755806.00000000
1622802755837.00000000
1622802755869.00000000
1622802755900.00000000
1622802755932.00000000
1622802755963.00000000
1622802755979.00000000
1622802756010.00000000
1622802756042.00000000
1622802756073.00000000
1622802756104.00000000
1622802756136.00000000
1622802756167.00000000
1622802756199.00000000
1622802756230.00000000
1622802756262.00000000
1622802756309.00000000
1622802756340.00000000
1622802756372.00000000
1622802756403.00000000
1622802756435.00000000
1622802756466.00000000
1622802756498.00000000
1622802756529.00000000
1622802756562.00000000
1622802756589.00000000
1622802756621.00000000
1622802756652.00000000
1622802756684.00000000
1622802756715.00000000
1622802756747.00000000
1622802756779.00000000
1622802756811.00000000
1622802756842.00000000
1622802756878.00000000
1622802756909.00000000
1622802756941.00000000
1622802756972.00000000
1622802757004.00000000
1622802757035.00000000
1622802757067.00000000
1622802757098.00000000
1622802757130.00000000
1622802757161.00000000
1622802757193.00000000
1622802757224.00000000
1622802757256.00000000
1622802757287.00000000
1622802757319.00000000
1622802757361.00000000
1622802757392.00000000
1622802757411.00000000
1622802757458.00000000
1622802757490.00000000
1622802757521.00000000
1622802757553.00000000
1622802757584.00000000
1622802757616.00000000
1622802757647.00000000
1622802757679.00000000
1622802757710.00000000
1622802757759.00000000
1622802757790.00000000
1622802757822.00000000
1622802757853.00000000
1622802757884.00000000
1622802757916.00000000
1622802757947.00000000
1622802757979.00000000
1622802758010.00000000
1622802758042.00000000
1622802758073.00000000
1622802758105.00000000
1622802758136.00000000
1622802758168.00000000
1622802758199.00000000
1622802758231.00000000
1622802758262.00000000
1622802758294.00000000
1622802758325.00000000
1622802758357.00000000
1622802758405.00000000
1622802758427.00000000
1622802758459.00000000
1622802758492.00000000
1622802758524.00000000
1622802758555.00000000
1622802758586.00000000
1622802758618.00000000
1622802758665.00000000
1622802758696.00000000
1622802758744.00000000
1622802758775.00000000
1622802758807.00000000
1622802758838.00000000
1622802758870.00000000
1622802758901.00000000
1622802758932.00000000
1622802758964.00000000
1622802758995.00000000
1622802759027.00000000
1622802759074.00000000
1622802759106.00000000
1622802759137.00000000
1622802759169.00000000
1622802759216.00000000
1622802759248.00000000
1622802759279.00000000
1622802759311.00000000
1622802759342.00000000
1622802759374.00000000
1622802759405.00000000
1622802759436.00000000
1622802759468.00000000
1622802759515.00000000
1622802759547.00000000
1622802759578.00000000
1622802759610.00000000
1622802759641.00000000
1622802759673.00000000
1622802759704.00000000
1622802759751.00000000
1622802759783.00000000
1622802759814.00000000
1622802759846.00000000
1622802759877.00000000
1622802759909.00000000
1622802759940.00000000
1622802759987.00000000
1622802760020.00000000
1622802760067.00000000
1622802760099.00000000
1622802760130.00000000
1622802760162.00000000
1622802760193.00000000
1622802760225.00000000
1622802760272.00000000
1622802760303.00000000
1622802760335.00000000
1622802760366.00000000
1622802760398.00000000
1622802760445.00000000
1622802760477.00000000
1622802760508.00000000
1622802760539.00000000
1622802760571.00000000
1622802760618.00000000
1622802760665.00000000
1622802760697.00000000
1622802760728.00000000
1622802760760.00000000
1622802760791.00000000
1622802760838.00000000
1622802760870.00000000
1622802760901.00000000
1622802760933.00000000
1622802760964.00000000
1622802761012.00000000
1622802761043.00000000
1622802761075.00000000
1622802761106.00000000
1622802761138.00000000
1622802761201.00000000
1622802761232.00000000
1622802761264.00000000
1622802761295.00000000
1622802761327.00000000
1622802761374.00000000
1622802761405.00000000
1622802761437.00000000
1622802761468.00000000
1622802761515.00000000
1622802761551.00000000
1622802761586.00000000
1622802761618.00000000
1622802761649.00000000
1622802761681.00000000
1622802761728.00000000
1622802761775.00000000
1622802761807.00000000
1622802761838.00000000
1622802761870.00000000
1622802761917.00000000
1622802761948.00000000
1622802761980.00000000
1622802762021.00000000
1622802762052.00000000
1622802762084.00000000
1622802762115.00000000
1622802762163.00000000
1622802762194.00000000
1622802762226.00000000
1622802762257.00000000
1622802762304.00000000
1622802762335.00000000
1622802762367.00000000
1622802762400.00000000
1622802762447.00000000
1622802762479.00000000
1622802762526.00000000
1622802762557.00000000
1622802762589.00000000
1622802762636.00000000
1622802762668.00000000
1622802762699.00000000
1622802762746.00000000
1622802762779.00000000
1622802762810.00000000
1622802762858.00000000
1622802762889.00000000
1622802762921.00000000
1622802762967.00000000
1622802762999.00000000
1622802763031.00000000
1622802763078.00000000
1622802763109.00000000
1622802763141.00000000
1622802763188.00000000
1622802763219.00000000
1622802763266.00000000
1622802763298.00000000
1622802763329.00000000
1622802763377.00000000
1622802763416.00000000
1622802763453.00000000
1622802763480.00000000
1622802763527.00000000
1622802763558.00000000
1622802763590.00000000
1622802763637.00000000
1622802763668.00000000
1622802763716.00000000
1622802763747.00000000
1622802763779.00000000
1622802763826.00000000
1622802763873.00000000
1622802763905.00000000
1622802763951.00000000
1622802763983.00000000
1622802764014.00000000
1622802764062.00000000
1622802764093.00000000
1622802764140.00000000
1622802764172.00000000
1622802764235.00000000
1622802764251.00000000
1622802764282.00000000
1622802764329.00000000
1622802764361.00000000
1622802764408.00000000
1622802764440.00000000
1622802764471.00000000
1622802764518.00000000
1622802764550.00000000
1622802764581.00000000
1622802764629.00000000
1622802764660.00000000
1622802764707.00000000
1622802764739.00000000
1622802764802.00000000
1622802764818.00000000
1622802764849.00000000
1622802764896.00000000
1622802764928.00000000
1622802764975.00000000
1622802765006.00000000
1622802765054.00000000
1622802765085.00000000
1622802765132.00000000
1622802765164.00000000
1622802765195.00000000
1622802765258.00000000
1622802765290.00000000
1622802765337.00000000
1622802765368.00000000
1622802765415.00000000
1622802765447.00000000
1622802765479.00000000
1622802765526.00000000
1622802765557.00000000
1622802765605.00000000
1622802765636.00000000
1622802765683.00000000
1622802765730.00000000
1622802765762.00000000
1622802765809.00000000
1622802765840.00000000
1622802765888.00000000
1622802765919.00000000
1622802765966.00000000
1622802765998.00000000
1622802766045.00000000
1622802766076.00000000
1622802766123.00000000
1622802766171.00000000
1622802766203.00000000
1622802766250.00000000
1622802766282.00000000
1622802766329.00000000
1622802766360.00000000
1622802766407.00000000
1622802766454.00000000
1622802766486.00000000
1622802766533.00000000
1622802766566.00000000
1622802766613.00000000
1622802766644.00000000
1622802766691.00000000
1622802766738.00000000
1622802766771.00000000
1622802766818.00000000
1622802766865.00000000
1622802766897.00000000
1622802766944.00000000
1622802766975.00000000
1622802767023.00000000
1622802767054.00000000
1622802767101.00000000
1622802767148.00000000
1622802767180.00000000
1622802767227.00000000
1622802767258.00000000
1622802767321.00000000
1622802767371.00000000
1622802767411.00000000
1622802767454.00000000
1622802767481.00000000
1622802767528.00000000
1622802767591.00000000
1622802767607.00000000
1622802767654.00000000
1622802767686.00000000
1622802767749.00000000
1622802767781.00000000
1622802767828.00000000
1622802767860.00000000
1622802767907.00000000
1622802767939.00000000
1622802767986.00000000
1622802768033.00000000
1622802768065.00000000
1622802768112.00000000
1622802768143.00000000
1622802768191.00000000
1622802768222.00000000
1622802768269.00000000
1622802768300.00000000
1622802768348.00000000
1622802768395.00000000
1622802768440.00000000
1622802768480.00000000
1622802768524.00000000
1622802768564.00000000
1622802768605.00000000
1622802768646.00000000
1622802768687.00000000
1622802768741.00000000
1622802768773.00000000
1622802768814.00000000
1622802768855.00000000
1622802768896.00000000
1622802768940.00000000
1622802768980.00000000
1622802769024.00000000
1622802769065.00000000
1622802769106.00000000
1622802769148.00000000
1622802769193.00000000
1622802769234.00000000
1622802769279.00000000
1622802769321.00000000
1622802769361.00000000
1622802769402.00000000
1622802769446.00000000
1622802769486.00000000
1622802769530.00000000
1622802769571.00000000
1622802769612.00000000
1622802769654.00000000
1622802769696.00000000
1622802769737.00000000
1622802769781.00000000
1622802769823.00000000
1622802769865.00000000
1622802769907.00000000
1622802769952.00000000
1622802769994.00000000
1622802770039.00000000
1622802770080.00000000
1622802770122.00000000
1622802770164.00000000
1622802770205.00000000
1622802770247.00000000
1622802770291.00000000
1622802770333.00000000
1622802770375.00000000
1622802770417.00000000
1622802770460.00000000
1622802770502.00000000
1622802770546.00000000
1622802770588.00000000
1622802770631.00000000
1622802770674.00000000
1622802770716.00000000
1622802770758.00000000
1622802770803.00000000
1622802770845.00000000
1622802770889.00000000
1622802770932.00000000
1622802770974.00000000
1622802771016.00000000
1622802771060.00000000
1622802771102.00000000
1622802771144.00000000
1622802771186.00000000
1622802771227.00000000
1622802771269.00000000
1622802771314.00000000
1622802771356.00000000
1622802771400.00000000
1622802771444.00000000
1622802771487.00000000
1622802771529.00000000
1622802771574.00000000
1622802771615.00000000
1622802771661.00000000
1622802771705.00000000
1622802771749.00000000
1622802771791.00000000
1622802771837.00000000
1622802771880.00000000
1622802771924.00000000
1622802771967.00000000
1622802772011.00000000
1622802772054.00000000
1622802772101.00000000
1622802772144.00000000
1622802772188.00000000
1622802772231.00000000
1622802772275.00000000
1622802772317.00000000
1622802772362.00000000
1622802772405.00000000
1622802772449.00000000
1622802772493.00000000
1622802772537.00000000
1622802772581.00000000
1622802772628.00000000
1622802772671.00000000
1622802772714.00000000
1622802772759.00000000
1622802772806.00000000
1622802772850.00000000
1622802772898.00000000
1622802772942.00000000
1622802772987.00000000
1622802773032.00000000
1622802773075.00000000
1622802773120.00000000
1622802773167.00000000
1622802773211.00000000
1622802773255.00000000
1622802773300.00000000
1622802773347.00000000
1622802773391.00000000
1622802773438.00000000
1622802773481.00000000
1622802773527.00000000
1622802773572.00000000
1622802773616.00000000
1622802773661.00000000
1622802773707.00000000
1622802773751.00000000
1622802773795.00000000
1622802773840.00000000
1622802773887.00000000
1622802773931.00000000
1622802773978.00000000
1622802774022.00000000
1622802774066.00000000
1622802774112.00000000
1622802774157.00000000
1622802774200.00000000
1622802774248.00000000
1622802774292.00000000
1622802774339.00000000
1622802774384.00000000
1622802774432.00000000
1622802774476.00000000
1622802774523.00000000
1622802774567.00000000
1622802774612.00000000
1622802774659.00000000
1622802774705.00000000
1622802774751.00000000
1622802774801.00000000
1622802774845.00000000
1622802774890.00000000
1622802774937.00000000
1622802774982.00000000
1622802775027.00000000
1622802775076.00000000
1622802775121.00000000
1622802775167.00000000
1622802775216.00000000
1622802775258.00000000
1622802775302.00000000
1622802775351.00000000
1622802775396.00000000
1622802775445.00000000
1622802775492.00000000
1622802775538.00000000
1622802775583.00000000
1622802775632.00000000
1622802775677.00000000
1622802775722.00000000
1622802775769.00000000
1622802775814.00000000
1622802775859.00000000
1622802775908.00000000
1622802775951.00000000
1622802775997.00000000
1622802776044.00000000
1622802776090.00000000
1622802776135.00000000
1622802776184.00000000
1622802776229.00000000
1622802776277.00000000
1622802776323.00000000
1622802776369.00000000
1622802776415.00000000
1622802776465.00000000
1622802776511.00000000
1622802776558.00000000
1622802776604.00000000
1622802776652.00000000
1622802776697.00000000
1622802776746.00000000
1622802776792.00000000
1622802776838.00000000
1622802776885.00000000
1622802776933.00000000
1622802776979.00000000
1622802777028.00000000
1622802777073.00000000
1622802777119.00000000
1622802777166.00000000
1622802777215.00000000
1622802777261.00000000
1622802777310.00000000
1622802777356.00000000
1622802777403.00000000
1622802777449.00000000
1622802777496.00000000
1622802777542.00000000
1622802777591.00000000
1622802777637.00000000
1622802777684.00000000
1622802777732.00000000
1622802777779.00000000
1622802777825.00000000
1622802777874.00000000
1622802777921.00000000
1622802777969.00000000
1622802778018.00000000
1622802778067.00000000
1622802778113.00000000
1622802778163.00000000
1622802778209.00000000
1622802778257.00000000
1622802778304.00000000
1622802778352.00000000
1622802778399.00000000
1622802778449.00000000
1622802778498.00000000
1622802778546.00000000
1622802778594.00000000
1622802778643.00000000
1622802778691.00000000
1622802778743.00000000
1622802778791.00000000
1622802778839.00000000
1622802778887.00000000
1622802778935.00000000
1622802778982.00000000
1622802779033.00000000
1622802779081.00000000
1622802779133.00000000
1622802779181.00000000
1622802779230.00000000
1622802779277.00000000
1622802779328.00000000
1622802779376.00000000
1622802779424.00000000
1622802779473.00000000
1622802779524.00000000
1622802779571.00000000
1622802779622.00000000
1622802779670.00000000
1622802779718.00000000
1622802779767.00000000
1622802779815.00000000
1622802779863.00000000
1622802779915.00000000
1622802779963.00000000
1622802780011.00000000
1622802780060.00000000
1622802780109.00000000
1622802780158.00000000
1622802780209.00000000
1622802780258.00000000
1622802780309.00000000
1622802780358.00000000
1622802780408.00000000
1622802780456.00000000
1622802780508.00000000
1622802780556.00000000
1622802780605.00000000
1622802780655.00000000
1622802780704.00000000
1622802780753.00000000
1622802780804.00000000
1622802780853.00000000
1622802780904.00000000
1622802780954.00000000
1622802781006.00000000
1622802781055.00000000
1622802781108.00000000
1622802781157.00000000
1622802781208.00000000
1622802781258.00000000
1622802781308.00000000
1622802781357.00000000
1622802781410.00000000
1622802781459.00000000
1622802781509.00000000
1622802781559.00000000
1622802781609.00000000
1622802781658.00000000
1622802781711.00000000
1622802781762.00000000
1622802781809.00000000
1622802781859.00000000
1622802781910.00000000
1622802781958.00000000
1622802782010.00000000
1622802782059.00000000
1622802782122.00000000
1622802782159.00000000
1622802782209.00000000
1622802782258.00000000
1622802782311.00000000
1622802782361.00000000
1622802782411.00000000
1622802782462.00000000
1622802782513.00000000
1622802782563.00000000
1622802782616.00000000
1622802782665.00000000
1622802782715.00000000
1622802782765.00000000
1622802782818.00000000
1622802782867.00000000
1622802782921.00000000
1622802782970.00000000
1622802783020.00000000
1622802783069.00000000
1622802783119.00000000
1622802783169.00000000
1622802783222.00000000
1622802783271.00000000
1622802783321.00000000
1622802783371.00000000
1622802783420.00000000
1622802783467.00000000
1622802783525.00000000
1622802783575.00000000
1622802783626.00000000
1622802783678.00000000
1622802783728.00000000
1622802783778.00000000
1622802783832.00000000
1622802783882.00000000
1622802783933.00000000
1622802783985.00000000
1622802784036.00000000
1622802784085.00000000
1622802784139.00000000
1622802784190.00000000
1622802784244.00000000
1622802784295.00000000
1622802784346.00000000
1622802784397.00000000
1622802784450.00000000
1622802784501.00000000
1622802784552.00000000
1622802784603.00000000
1622802784655.00000000
1622802784706.00000000
1622802784761.00000000
1622802784811.00000000
1622802784863.00000000
1622802784915.00000000
1622802784970.00000000
1622802785021.00000000
1622802785076.00000000
1622802785128.00000000
1622802785178.00000000
1622802785231.00000000
1622802785283.00000000
1622802785334.00000000
1622802785389.00000000
1622802785441.00000000
1622802785496.00000000
1622802785547.00000000
1622802785602.00000000
1622802785654.00000000
1622802785709.00000000
1622802785761.00000000
1622802785813.00000000
1622802785866.00000000
1622802785917.00000000
1622802785968.00000000
1622802786024.00000000
1622802786077.00000000
1622802786130.00000000
1622802786183.00000000
1622802786238.00000000
1622802786290.00000000
1622802786346.00000000
1622802786397.00000000
1622802786452.00000000
1622802786505.00000000
1622802786560.00000000
1622802786612.00000000
1622802786668.00000000
1622802786720.00000000
1622802786773.00000000
1622802786826.00000000
1622802786879.00000000
1622802786931.00000000
1622802786987.00000000
1622802787040.00000000
1622802787093.00000000
1622802787146.00000000
1622802787202.00000000
1622802787254.00000000
1622802787311.00000000
1622802787363.00000000
1622802787416.00000000
1622802787468.00000000
1622802787524.00000000
1622802787577.00000000
1622802787633.00000000
1622802787685.00000000
1622802787738.00000000
1622802787792.00000000
1622802787844.00000000
1622802787897.00000000
1622802787953.00000000
1622802788006.00000000
1622802788059.00000000
1622802788113.00000000
1622802788166.00000000
1622802788218.00000000
1622802788275.00000000
1622802788328.00000000
1622802788381.00000000
1622802788436.00000000
1622802788491.00000000
1622802788544.00000000
1622802788602.00000000
1622802788655.00000000
1622802788709.00000000
1622802788763.00000000
1622802788818.00000000
1622802788870.00000000
1622802788927.00000000
1622802788980.00000000
1622802789034.00000000
1622802789088.00000000
1622802789145.00000000
1622802789198.00000000
1622802789255.00000000
1622802789309.00000000
1622802789363.00000000
1622802789420.00000000
1622802789475.00000000
1622802789530.00000000
1622802789588.00000000
1622802789641.00000000
1622802789699.00000000
1622802789754.00000000
1622802789810.00000000
1622802789864.00000000
1622802789924.00000000
1622802789978.00000000
1622802790033.00000000
1622802790089.00000000
1622802790144.00000000
1622802790198.00000000
1622802790257.00000000
1622802790311.00000000
1622802790366.00000000
1622802790422.00000000
1622802790477.00000000
1622802790532.00000000
1622802790591.00000000
1622802790646.00000000
1622802790701.00000000
1622802790756.00000000
1622802790812.00000000
1622802790867.00000000
1622802790925.00000000
1622802790980.00000000
1622802791039.00000000
1622802791095.00000000
1622802791164.00000000
1622802791220.00000000
1622802791280.00000000
1622802791335.00000000
1622802791391.00000000
1622802791447.00000000
1622802791502.00000000
1622802791557.00000000
1622802791615.00000000
1622802791670.00000000
1622802791730.00000000
1622802791782.00000000
1622802791838.00000000
1622802791892.00000000
1622802791952.00000000
1622802792008.00000000
1622802792067.00000000
1622802792124.00000000
1622802792180.00000000
1622802792235.00000000
1622802792293.00000000
1622802792349.00000000
1622802792405.00000000
1622802792462.00000000
1622802792519.00000000
1622802792574.00000000
1622802792634.00000000
1622802792689.00000000
1622802792746.00000000
1622802792802.00000000
1622802792858.00000000
1622802792913.00000000
1622802792973.00000000
1622802793027.00000000
1622802793083.00000000
1622802793139.00000000
1622802793195.00000000
1622802793251.00000000
1622802793310.00000000
1622802793365.00000000
1622802793422.00000000
1622802793478.00000000
1622802793538.00000000
1622802793595.00000000
1622802793655.00000000
1622802793711.00000000
1622802793767.00000000
1622802793824.00000000
1622802793884.00000000
1622802793940.00000000
1622802794001.00000000
1622802794058.00000000
1622802794116.00000000
1622802794173.00000000
1622802794230.00000000
1622802794286.00000000
1622802794347.00000000
1622802794404.00000000
1622802794461.00000000
1622802794519.00000000
1622802794577.00000000
1622802794633.00000000
1622802794694.00000000
1622802794751.00000000
1622802794807.00000000
1622802794866.00000000
1622802794924.00000000
1622802794980.00000000
1622802795040.00000000
1622802795097.00000000
1622802795154.00000000
1622802795211.00000000
1622802795268.00000000
1622802795325.00000000
1622802795385.00000000
1622802795442.00000000
1622802795503.00000000
1622802795561.00000000
1622802795618.00000000
1622802795675.00000000
1622802795735.00000000
1622802795794.00000000
1622802795851.00000000
1622802795909.00000000
1622802795967.00000000
1622802796024.00000000
1622802796085.00000000
1622802796141.00000000
1622802796199.00000000
1622802796257.00000000
1622802796314.00000000
1622802796371.00000000
1622802796432.00000000
1622802796488.00000000
1622802796545.00000000
1622802796604.00000000
1622802796663.00000000
1622802796720.00000000
1622802796782.00000000
1622802796839.00000000
1622802796900.00000000
1622802796958.00000000
1622802797016.00000000
1622802797074.00000000
1622802797135.00000000
1622802797192.00000000
1622802797249.00000000
1622802797307.00000000
1622802797366.00000000
1622802797424.00000000
1622802797488.00000000
1622802797546.00000000
1622802797604.00000000
1622802797664.00000000
1622802797726.00000000
1622802797784.00000000
1622802797846.00000000
1622802797904.00000000
1622802797966.00000000
1622802798024.00000000
1622802798087.00000000
1622802798147.00000000
1622802798213.00000000
1622802798273.00000000
1622802798333.00000000
1622802798393.00000000
1622802798454.00000000
1622802798513.00000000
1622802798576.00000000
1622802798634.00000000
1622802798693.00000000
1622802798752.00000000
1622802798810.00000000
1622802798868.00000000
1622802798931.00000000
1622802798989.00000000
1622802799047.00000000
1622802799105.00000000
1622802799168.00000000
1622802799227.00000000
1622802799290.00000000
1622802799349.00000000
1622802799409.00000000
1622802799468.00000000
1622802799528.00000000
1622802799587.00000000
1622802799651.00000000
1622802799709.00000000
1622802799772.00000000
1622802799831.00000000
1622802799890.00000000
1622802799949.00000000
1622802800012.00000000
1622802800071.00000000
1622802800130.00000000
1622802800190.00000000
1622802800253.00000000
1622802800311.00000000
1622802800375.00000000
1622802800434.00000000
1622802800494.00000000
1622802800553.00000000
1622802800616.00000000
1622802800675.00000000
1622802800749.00000000
1622802800808.00000000
1622802800868.00000000
1622802800929.00000000
1622802800988.00000000
1622802801048.00000000
1622802801112.00000000
1622802801171.00000000
1622802801231.00000000
1622802801292.00000000
1622802801351.00000000
1622802801411.00000000
1622802801481.00000000
1622802801541.00000000
1622802801605.00000000
1622802801667.00000000
1622802801730.00000000
1622802801790.00000000
1622802801854.00000000
1622802801913.00000000
1622802801973.00000000
1622802802038.00000000
1622802802098.00000000
1622802802158.00000000
1622802802221.00000000
1622802802281.00000000
1622802802341.00000000
1622802802402.00000000
1622802802465.00000000
1622802802524.00000000
1622802802591.00000000
1622802802652.00000000
1622802802713.00000000
1622802802774.00000000
1622802802838.00000000
1622802802898.00000000
1622802802963.00000000
1622802803023.00000000
1622802803088.00000000
1622802803150.00000000
1622802803210.00000000
1622802803270.00000000
1622802803336.00000000
1622802803396.00000000
1622802803446.00000000
1622802803509.00000000
1622802803582.00000000
1622802803644.00000000
1622802803709.00000000
1622802803770.00000000
1622802803830.00000000
1622802803892.00000000
1622802803958.00000000
1622802804018.00000000
1622802804083.00000000
1622802804144.00000000
1622802804208.00000000
1622802804270.00000000
1622802804332.00000000
1622802804392.00000000
1622802804458.00000000
1622802804518.00000000
1622802804579.00000000
1622802804641.00000000
1622802804708.00000000
1622802804769.00000000
1622802804835.00000000
1622802804896.00000000
1622802804957.00000000
1622802805019.00000000
1622802805080.00000000
1622802805141.00000000
1622802805207.00000000
1622802805268.00000000
1622802805328.00000000
1622802805391.00000000
1622802805453.00000000
1622802805515.00000000
1622802805582.00000000
1622802805643.00000000
1622802805705.00000000
1622802805769.00000000
1622802805831.00000000
1622802805893.00000000
1622802805959.00000000
1622802806020.00000000
1622802806082.00000000
1622802806145.00000000
1622802806208.00000000
1622802806270.00000000
1622802806337.00000000
1622802806399.00000000
1622802806461.00000000
1622802806525.00000000
1622802806588.00000000
1622802806650.00000000
1622802806717.00000000
1622802806779.00000000
1622802806841.00000000
1622802806905.00000000
1622802806968.00000000
1622802807030.00000000
1622802807097.00000000
1622802807160.00000000
1622802807222.00000000
1622802807285.00000000
1622802807349.00000000
1622802807413.00000000
1622802807480.00000000
1622802807543.00000000
1622802807607.00000000
1622802807672.00000000
1622802807736.00000000
1622802807799.00000000
1622802807866.00000000
1622802807929.00000000
1622802807995.00000000
1622802808059.00000000
1622802808126.00000000
1622802808189.00000000
1622802808257.00000000
1622802808318.00000000
1622802808383.00000000
1622802808447.00000000
1622802808511.00000000
1622802808574.00000000
1622802808642.00000000
1622802808704.00000000
1622802808768.00000000
1622802808833.00000000
1622802808903.00000000
1622802808967.00000000
1622802809035.00000000
1622802809098.00000000
1622802809164.00000000
1622802809229.00000000
1622802809293.00000000
1622802809356.00000000
1622802809424.00000000
1622802809487.00000000
1622802809556.00000000
1622802809620.00000000
1622802809689.00000000
1622802809752.00000000
1622802809821.00000000
1622802809885.00000000
1622802809950.00000000
1622802810016.00000000
1622802810081.00000000
1622802810144.00000000
1622802810213.00000000
1622802810277.00000000
1622802810342.00000000
1622802810408.00000000
1622802810477.00000000
1622802810540.00000000
1622802810609.00000000
1622802810674.00000000
1622802810744.00000000
1622802810809.00000000
1622802810874.00000000
1622802810938.00000000
1622802811008.00000000
1622802811072.00000000
1622802811138.00000000
1622802811205.00000000
1622802811269.00000000
1622802811333.00000000
1622802811403.00000000
1622802811468.00000000
1622802811533.00000000
1622802811600.00000000
1622802811665.00000000
1622802811729.00000000
1622802811799.00000000
1622802811864.00000000
1622802811929.00000000
1622802811995.00000000
1622802812060.00000000
1622802812124.00000000
1622802812193.00000000
1622802812258.00000000
1622802812324.00000000
1622802812389.00000000
1622802812455.00000000
1622802812520.00000000
1622802812589.00000000
1622802812654.00000000
1622802812720.00000000
1622802812787.00000000
1622802812854.00000000
1622802812918.00000000
1622802812988.00000000
1622802813054.00000000
1622802813120.00000000
1622802813186.00000000
1622802813252.00000000
1622802813317.00000000
1622802813383.00000000
1622802813456.00000000
1622802813523.00000000
1622802813592.00000000
1622802813660.00000000
1622802813725.00000000
1622802813796.00000000
1622802813861.00000000
1622802813928.00000000
1622802813996.00000000
1622802814066.00000000
1622802814132.00000000
1622802814203.00000000
1622802814269.00000000
1622802814336.00000000
1622802814403.00000000
1622802814473.00000000
1622802814539.00000000
1622802814610.00000000
1622802814677.00000000
1622802814748.00000000
1622802814815.00000000
1622802814881.00000000
1622802814947.00000000
1622802815019.00000000
1622802815085.00000000
1622802815153.00000000
1622802815220.00000000
1622802815287.00000000
1622802815354.00000000
1622802815425.00000000
1622802815491.00000000
1622802815557.00000000
1622802815626.00000000
1622802815693.00000000
1622802815760.00000000
1622802815832.00000000
1622802815899.00000000
1622802815965.00000000
1622802816033.00000000
1622802816101.00000000
1622802816168.00000000
1622802816240.00000000
1622802816306.00000000
1622802816378.00000000
1622802816446.00000000
1622802816514.00000000
1622802816581.00000000
1622802816653.00000000
1622802816718.00000000
1622802816786.00000000
1622802816855.00000000
1622802816923.00000000
1622802816991.00000000
1622802817062.00000000
1622802817129.00000000
1622802817198.00000000
1622802817266.00000000
1622802817335.00000000
1622802817403.00000000
1622802817475.00000000
1622802817543.00000000
1622802817615.00000000
1622802817684.00000000
1622802817757.00000000
1622802817824.00000000
1622802817897.00000000
1622802817964.00000000
1622802818033.00000000
1622802818102.00000000
1622802818170.00000000
1622802818238.00000000
1622802818311.00000000
1622802818379.00000000
1622802818434.00000000
1622802818517.00000000
1622802818586.00000000
1622802818654.00000000
1622802818726.00000000
1622802818794.00000000
1622802818862.00000000
1622802818932.00000000
1622802819001.00000000
1622802819068.00000000
1622802819141.00000000
1622802819208.00000000
1622802819277.00000000
1622802819347.00000000
1622802819416.00000000
1622802819482.00000000
1622802819556.00000000
1622802819624.00000000
1622802819694.00000000
1622802819763.00000000
1622802819835.00000000
1622802819903.00000000
1622802819976.00000000
1622802820044.00000000
1622802820113.00000000
1622802820182.00000000
1622802820250.00000000
1622802820318.00000000
1622802820391.00000000
1622802820458.00000000
1622802820527.00000000
1622802820596.00000000
1622802820666.00000000
1622802820735.00000000
1622802820808.00000000
1622802820876.00000000
1622802820944.00000000
1622802821014.00000000
1622802821084.00000000
1622802821152.00000000
1622802821226.00000000
1622802821294.00000000
1622802821363.00000000
1622802821433.00000000
1622802821503.00000000
1622802821572.00000000
1622802821646.00000000
1622802821714.00000000
1622802821788.00000000
1622802821857.00000000
1622802821927.00000000
1622802821996.00000000
1622802822069.00000000
1622802822138.00000000
1622802822208.00000000
1622802822279.00000000
1622802822353.00000000
1622802822422.00000000
1622802822496.00000000
1622802822565.00000000
1622802822635.00000000
1622802822706.00000000
1622802822777.00000000
1622802822845.00000000
1622802822921.00000000
1622802822990.00000000
1622802823061.00000000
1622802823133.00000000
1622802823203.00000000
1622802823272.00000000
1622802823348.00000000
1622802823408.00000000
1622802823493.00000000
1622802823565.00000000
1622802823637.00000000
1622802823706.00000000
1622802823781.00000000
1622802823851.00000000
1622802823921.00000000
1622802823993.00000000
1622802824063.00000000
1622802824134.00000000
1622802824212.00000000
1622802824282.00000000
1622802824353.00000000
1622802824425.00000000
1622802824496.00000000
1622802824567.00000000
1622802824641.00000000
1622802824712.00000000
1622802824787.00000000
1622802824858.00000000
1622802824929.00000000
1622802824999.00000000
1622802825074.00000000
1622802825145.00000000
1622802825216.00000000
1622802825288.00000000
1622802825363.00000000
1622802825433.00000000
1622802825508.00000000
1622802825579.00000000
1622802825650.00000000
1622802825722.00000000
1622802825792.00000000
1622802825863.00000000
1622802825939.00000000
1622802826009.00000000
1622802826080.00000000
1622802826152.00000000
1622802826229.00000000
1622802826300.00000000
1622802826378.00000000
1622802826449.00000000
1622802826521.00000000
1622802826593.00000000
1622802826665.00000000
1622802826737.00000000
1622802826815.00000000
1622802826886.00000000
1622802826959.00000000
1622802827031.00000000
1622802827108.00000000
1622802827179.00000000
1622802827255.00000000
1622802827326.00000000
1622802827398.00000000
1622802827471.00000000
1622802827548.00000000
1622802827620.00000000
1622802827698.00000000
1622802827771.00000000
1622802827843.00000000
1622802827916.00000000
1622802827989.00000000
1622802828059.00000000
1622802828136.00000000
1622802828208.00000000
1622802828280.00000000
1622802828354.00000000
1622802828431.00000000
1622802828503.00000000
1622802828580.00000000
1622802828652.00000000
1622802828725.00000000
1622802828798.00000000
1622802828875.00000000
1622802828947.00000000
1622802829025.00000000
1622802829097.00000000
1622802829169.00000000
1622802829243.00000000
1622802829321.00000000
1622802829393.00000000
1622802829470.00000000
1622802829542.00000000
1622802829620.00000000
1622802829694.00000000
1622802829769.00000000
1622802829841.00000000
1622802829917.00000000
1622802829989.00000000
1622802830063.00000000
1622802830137.00000000
1622802830210.00000000
1622802830281.00000000
1622802830359.00000000
1622802830432.00000000
1622802830509.00000000
1622802830584.00000000
1622802830661.00000000
1622802830734.00000000
1622802830812.00000000
1622802830884.00000000
1622802830963.00000000
1622802831036.00000000
1622802831114.00000000
1622802831188.00000000
1622802831266.00000000
1622802831339.00000000
1622802831412.00000000
1622802831486.00000000
1622802831560.00000000
1622802831632.00000000
1622802831711.00000000
1622802831783.00000000
1622802831856.00000000
1622802831931.00000000
1622802832005.00000000
1622802832078.00000000
1622802832155.00000000
1622802832228.00000000
1622802832306.00000000
1622802832381.00000000
1622802832456.00000000
1622802832528.00000000
1622802832607.00000000
1622802832680.00000000
1622802832754.00000000
1622802832830.00000000
1622802832904.00000000
1622802832977.00000000
1622802833057.00000000
1622802833130.00000000
1622802833205.00000000
1622802833279.00000000
1622802833355.00000000
1622802833429.00000000
1622802833508.00000000
1622802833583.00000000
1622802833662.00000000
1622802833737.00000000
1622802833813.00000000
1622802833886.00000000
1622802833965.00000000
1622802834038.00000000
1622802834113.00000000
1622802834189.00000000
1622802834263.00000000
1622802834337.00000000
1622802834417.00000000
1622802834491.00000000
1622802834571.00000000
1622802834646.00000000
1622802834723.00000000
1622802834797.00000000
1622802834876.00000000
1622802834950.00000000
1622802835024.00000000
1622802835100.00000000
1622802835176.00000000
1622802835250.00000000
1622802835330.00000000
1622802835403.00000000
1622802835479.00000000
1622802835555.00000000
1622802835631.00000000
1622802835705.00000000
1622802835784.00000000
1622802835859.00000000
1622802835935.00000000
1622802836012.00000000
1622802836087.00000000
1622802836161.00000000
1622802836241.00000000
1622802836315.00000000
1622802836392.00000000
1622802836470.00000000
1622802836545.00000000
1622802836621.00000000
1622802836703.00000000
1622802836779.00000000
1622802836855.00000000
1622802836932.00000000
1622802837014.00000000
1622802837090.00000000
1622802837171.00000000
1622802837246.00000000
1622802837327.00000000
1622802837405.00000000
1622802837487.00000000
1622802837563.00000000
1622802837682.00000000
1622802837722.00000000
1622802837799.00000000
1622802837877.00000000
1622802837955.00000000
1622802838030.00000000
1622802838111.00000000
1622802838188.00000000
1622802838269.00000000
1622802838348.00000000
1622802838425.00000000
1622802838500.00000000
1622802838583.00000000
1622802838660.00000000
1622802838743.00000000
1622802838820.00000000
1622802838897.00000000
1622802838973.00000000
1622802839055.00000000
1622802839129.00000000
1622802839207.00000000
1622802839285.00000000
1622802839362.00000000
1622802839438.00000000
1622802839519.00000000
1622802839596.00000000
1622802839674.00000000
1622802839752.00000000
1622802839830.00000000
1622802839905.00000000
1622802839987.00000000
1622802840065.00000000
1622802840149.00000000
1622802840227.00000000
1622802840304.00000000
1622802840380.00000000
1622802840462.00000000
1622802840538.00000000
1622802840615.00000000
1622802840693.00000000
1622802840771.00000000
1622802840847.00000000
1622802840930.00000000
1622802841005.00000000
1622802841083.00000000
1622802841162.00000000
1622802841240.00000000
1622802841316.00000000
1622802841398.00000000
1622802841475.00000000
1622802841558.00000000
1622802841638.00000000
1622802841715.00000000
1622802841791.00000000
1622802841874.00000000
1622802841951.00000000
1622802842029.00000000
1622802842108.00000000
1622802842185.00000000
1622802842262.00000000
1622802842345.00000000
1622802842421.00000000
1622802842503.00000000
1622802842582.00000000
1622802842665.00000000
1622802842742.00000000
1622802842825.00000000
1622802842902.00000000
1622802842980.00000000
1622802843059.00000000
1622802843142.00000000
1622802843219.00000000
1622802843301.00000000
1622802843368.00000000
1622802843457.00000000
1622802843537.00000000
1622802843615.00000000
1622802843693.00000000
1622802843777.00000000
1622802843853.00000000
1622802843932.00000000
1622802844011.00000000
1622802844095.00000000
1622802844171.00000000
1622802844255.00000000
1622802844333.00000000
1622802844412.00000000
1622802844491.00000000
1622802844569.00000000
1622802844648.00000000
1622802844732.00000000
1622802844810.00000000
1622802844889.00000000
1622802844968.00000000
1622802845048.00000000
1622802845126.00000000
1622802845209.00000000
1622802845286.00000000
1622802845370.00000000
1622802845450.00000000
1622802845530.00000000
1622802845608.00000000
1622802845692.00000000
1622802845770.00000000
1622802845849.00000000
1622802845930.00000000
1622802846014.00000000
1622802846092.00000000
1622802846176.00000000
1622802846254.00000000
1622802846338.00000000
1622802846418.00000000
1622802846502.00000000
1622802846582.00000000
1622802846666.00000000
1622802846745.00000000
1622802846829.00000000
1622802846910.00000000
1622802846990.00000000
1622802847070.00000000
1622802847154.00000000
1622802847234.00000000
1622802847315.00000000
1622802847396.00000000
1622802847477.00000000
1622802847555.00000000
1622802847640.00000000
1622802847720.00000000
1622802847801.00000000
1622802847882.00000000
1622802847967.00000000
1622802848047.00000000
1622802848132.00000000
1622802848212.00000000
1622802848296.00000000
1622802848378.00000000
1622802848464.00000000
1622802848544.00000000
1622802848631.00000000
1622802848711.00000000
1622802848792.00000000
1622802848874.00000000
1622802848954.00000000
1622802849035.00000000
1622802849121.00000000
1622802849200.00000000
1622802849282.00000000
1622802849364.00000000
1622802849452.00000000
1622802849532.00000000
1622802849619.00000000
1622802849700.00000000
1622802849786.00000000
1622802849868.00000000
1622802849949.00000000
1622802850029.00000000
1622802850115.00000000
1622802850194.00000000
1622802850276.00000000
1622802850358.00000000
1622802850440.00000000
1622802850520.00000000
1622802850605.00000000
1622802850686.00000000
1622802850772.00000000
1622802850855.00000000
1622802850943.00000000
1622802851024.00000000
1622802851111.00000000
1622802851191.00000000
1622802851274.00000000
1622802851355.00000000
1622802851437.00000000
1622802851518.00000000
1622802851605.00000000
1622802851685.00000000
1622802851766.00000000
1622802851849.00000000
1622802851931.00000000
1622802852011.00000000
1622802852097.00000000
1622802852177.00000000
1622802852259.00000000
1622802852342.00000000
1622802852423.00000000
1622802852504.00000000
1622802852592.00000000
1622802852673.00000000
1622802852755.00000000
1622802852837.00000000
1622802852919.00000000
1622802853000.00000000
1622802853088.00000000
1622802853168.00000000
1622802853251.00000000
1622802853334.00000000
1622802853422.00000000
1622802853503.00000000
1622802853579.00000000
1622802853673.00000000
1622802853752.00000000
1622802853846.00000000
1622802853924.00000000
1622802854003.00000000
1622802854097.00000000
1622802854176.00000000
1622802854254.00000000
1622802854333.00000000
1622802854427.00000000
1622802854505.00000000
1622802854599.00000000
1622802854677.00000000
1622802854771.00000000
1622802854850.00000000
1622802854928.00000000
1622802855022.00000000
1622802855100.00000000
1622802855179.00000000
1622802855273.00000000
1622802855351.00000000
1622802855445.00000000
1622802855523.00000000
1622802855617.00000000
1622802855695.00000000
1622802855774.00000000
1622802855868.00000000
1622802855946.00000000
1622802856025.00000000
1622802856118.00000000
1622802856197.00000000
1622802856291.00000000
1622802856369.00000000
1622802856463.00000000
1622802856541.00000000
1622802856632.00000000
1622802856711.00000000
1622802856806.00000000
1622802856885.00000000
1622802856964.00000000
1622802857058.00000000
1622802857136.00000000
1622802857215.00000000
1622802857309.00000000
1622802857399.00000000
1622802857479.00000000
1622802857558.00000000
1622802857652.00000000
1622802857746.00000000
1622802857826.00000000
1622802857904.00000000
1622802858014.00000000
1622802858077.00000000
1622802858187.00000000
1622802858265.00000000
1622802858344.00000000
1622802858442.00000000
1622802858534.00000000
1622802858618.00000000
1622802858707.00000000
1622802858791.00000000
1622802858875.00000000
1622802858961.00000000
1622802859045.00000000
1622802859129.00000000
1622802859219.00000000
1622802859302.00000000
1622802859392.00000000
1622802859478.00000000
1622802859569.00000000
1622802859654.00000000
1622802859744.00000000
1622802859828.00000000
1622802859913.00000000
1622802859998.00000000
1622802860083.00000000
1622802860165.00000000
1622802860255.00000000
1622802860339.00000000
1622802860424.00000000
1622802860509.00000000
1622802860594.00000000
1622802860679.00000000
1622802860769.00000000
1622802860852.00000000
1622802860937.00000000
1622802861022.00000000
1622802861108.00000000
1622802861192.00000000
1622802861282.00000000
1622802861366.00000000
1622802861451.00000000
1622802861538.00000000
1622802861624.00000000
1622802861709.00000000
1622802861801.00000000
1622802861886.00000000
1622802861972.00000000
1622802862058.00000000
1622802862145.00000000
1622802862230.00000000
1622802862322.00000000
1622802862406.00000000
1622802862497.00000000
1622802862584.00000000
1622802862672.00000000
1622802862756.00000000
1622802862848.00000000
1622802862934.00000000
1622802863021.00000000
1622802863108.00000000
1622802863195.00000000
1622802863281.00000000
1622802863373.00000000
1622802863460.00000000
1622802863551.00000000
1622802863641.00000000
1622802863727.00000000
1622802863813.00000000
1622802863907.00000000
1622802863992.00000000
1622802864082.00000000
1622802864170.00000000
1622802864261.00000000
1622802864346.00000000
1622802864437.00000000
1622802864522.00000000
1622802864609.00000000
1622802864697.00000000
1622802864790.00000000
1622802864875.00000000
1622802864967.00000000
1622802865053.00000000
1622802865140.00000000
1622802865227.00000000
1622802865314.00000000
1622802865400.00000000
1622802865493.00000000
1622802865578.00000000
1622802865670.00000000
1622802865758.00000000
1622802865845.00000000
1622802865930.00000000
1622802866022.00000000
1622802866108.00000000
1622802866195.00000000
1622802866283.00000000
1622802866369.00000000
1622802866455.00000000
1622802866548.00000000
1622802866634.00000000
1622802866721.00000000
1622802866809.00000000
1622802866897.00000000
1622802866984.00000000
1622802867076.00000000
1622802867162.00000000
1622802867255.00000000
1622802867344.00000000
1622802867430.00000000
1622802867526.00000000
1622802867612.00000000
1622802867699.00000000
1622802867787.00000000
1622802867874.00000000
1622802867968.00000000
1622802868054.00000000
1622802868148.00000000
1622802868233.00000000
1622802868326.00000000
1622802868416.00000000
1622802868504.00000000
1622802868591.00000000
1622802868684.00000000
1622802868771.00000000
1622802868860.00000000
1622802868948.00000000
1622802869037.00000000
1622802869123.00000000
1622802869217.00000000
1622802869303.00000000
1622802869391.00000000
1622802869480.00000000
1622802869569.00000000
1622802869655.00000000
1622802869749.00000000
1622802869836.00000000
1622802869924.00000000
1622802870013.00000000
1622802870101.00000000
1622802870189.00000000
1622802870283.00000000
1622802870370.00000000
1622802870458.00000000
1622802870547.00000000
1622802870636.00000000
1622802870723.00000000
1622802870817.00000000
1622802870904.00000000
1622802870993.00000000
1622802871082.00000000
1622802871170.00000000
1622802871258.00000000
1622802871354.00000000
1622802871444.00000000
1622802871539.00000000
1622802871629.00000000
1622802871724.00000000
1622802871813.00000000
1622802871910.00000000
1622802871999.00000000
1622802872090.00000000
1622802872181.00000000
1622802872270.00000000
1622802872359.00000000
1622802872454.00000000
1622802872542.00000000
1622802872637.00000000
1622802872727.00000000
1622802872817.00000000
1622802872906.00000000
1622802873001.00000000
1622802873091.00000000
1622802873189.00000000
1622802873284.00000000
1622802873377.00000000
1622802873457.00000000
1622802873567.00000000
1622802873658.00000000
1622802873751.00000000
1622802873842.00000000
1622802873932.00000000
1622802874022.00000000
1622802874118.00000000
1622802874208.00000000
1622802874297.00000000
1622802874389.00000000
1622802874480.00000000
1622802874570.00000000
1622802874667.00000000
1622802874757.00000000
1622802874853.00000000
1622802874944.00000000
1622802875040.00000000
1622802875129.00000000
1622802875227.00000000
1622802875318.00000000
